KINGDOM1_UP DB  0,35,35,35,35,35,35, 35,35,35,35,35,35,35, 35,35,35,35,35,35,35, 35,35,35,35,35,35,35, 35,35,35,35,35,35,0
         DB  35,35,35,35,35,35,35, 35,35,35,35,35,35,35, 35,35,35,35,35,35,35, 35,35,35,35,35,35,35, 35,35,35,35,35,35,35
         DB  35,35,35,35,35,35,35, 35,35,35,35,35,35,35, 35,35,35,35,35,35,35, 35,35,35,35,35,35,35, 35,35,35,35,35,35,35
         DB  35,35,35,35,35,35,35, 35,35,35,35,35,35,35, 35,35,35,35,35,35,35, 35,35,35,35,35,35,35, 35,35,35,35,35,35,35
         DB  35,35,35,35,35,35,35, 35,35,35,35,35,35,35, 35,35,35,35,35,35,35, 35,35,35,35,35,35,35, 35,35,35,35,35,35,35
         DB  35,35,35,35,35,35,35, 35,35,35,35,35,35,35, 35,35,35,35,35,35,35, 35,35,35,35,35,35,35, 35,35,35,35,35,35,35
         DB  0,35,35,35,35,35,35, 35,35,35,35,35,35,35, 35,35,35,35,35,35,35, 35,35,35,35,35,35,35, 35,35,35,35,35,35,0
         
         
         line 2135
         line 1141
         flag 214 -> objectsx[5]
         
         
         
         BIN-> 2154
